%YAML:1.0
Kpx: -1.0000000000000001e-01
Kdx: -4.9299999999999997e-02
Kpy: 2.7599999999999999e-04
Kdy: 0.
Kpz: 2.8500000000000001e-03
Kdz: 0.
Kpr: 1.
Kdr: 1.9200000000000000e-01
